audioFrame1 = [-138
-138
-138
-137
-138
-137
-75
3
58
110
164
199
231
240
226
204
162
110
71
36
18
4
2
-4
-7
-20
-42
-73
-105
-133
-138
-138
-138
-137
-137
-137
-137
-59
11
65
112
169
209
240
239
232
195
161
108
68
33
18
6
2
-3
-7
-20
-48
-78
-116
-136
-137
-138
-137
-138
-138
-137
-137
-42
36
83
131
181
220
234
236
232
192
151
97
54
34
15
5
-1
-4
-10
-33
-66
-98
-131
-138
-138
-137
-138
-137
-137
-138
-82
-1
57
104
160
200
233
242
229
211
168
115
78
46
25
20
6
-1
-6
-21
-45
-80
-113
-136
-138
-138
-138
-138
-138
-138
-137
-49
24
81
127
180
224
239
245
225
200
153
99
60
34
16
7
2
-6
-15
-31
-62
-95
-129
-138
-138
-138
-138
-137
-137
-137
-126
-9
51
107
168
211
238
248
236
220
175
123
79
43
23
9
5
-1
-8
-18
-46
-83
-119
-137
-138
-138
-138
-138
-138
-138
-137
-40
35
86
132
189
230
242
246
227
191
145
101
60
35
16
8
3
-2
-11
-30
-58
-93
-130
-138
-138
-138
-138
-138
-137
-137
-127
-3
51
111
163
207
241
251
237
218
172
122
81
40
21
8
-1
-5
-2
-19
-46
-78
-117
-137
-138
-138
-138
-138
-138
-138
-137
-40
31
86
135
191
229
249
247
229
194
148
97
55
30
21
5
-2
-5
-12
-29
-63
-98
-132
-138
-138
-138
-138
-138
-137
-137
-97
0
50
108
166
205
237
248
228
208
167
119
74
39
18
7
0
-3
-10
-20
-49
-77
-118
-137
-138
-138
-138
-137
-138
-137
-137
-43
28
92
143
193
230
245
241
224
191
144
99
61
30
12
4
3
-3
-17
-27
-60
-91
-128
-138
-138
-138
-138
-138
-138
-137
-132
-13
45
103
152
194
234
243
232
216
172
125
81
41
20
6
-1
-7
-10
-22
-42
-75
-109
-135
-138
-138
-138
-138
-138
-138
-137
-58
16
77
119
174
219
236
251
229
198
160
105
67
36
15
7
-2
2
-11
-22
-54
-85
-122
-137
-138
-138
-138
-138
-137
-138
-136
-35
33
100
142
193
229
245
240
224
182
138
91
52
30
19
3
-2
-4
-17
-32
-59
-96
-130
-138
-138
-138
-138
-138
-138
-138
-127
-10
48
114
161
203
236
246
234
211
172
119
80
42
18
9
-1
-1
-10
-21
-42
-77
-107
-134
-138
-138
-138
-138
-137
-138
-138
-61
13
74
121
172
215
235
243
225
199
154
101
61
37
13
3
-1
-7
-13
-22
-45
-86
-120
-137
-138
-138
-138
-138
-138
-138
-137
-44
35
83
131
186
218
235
231
218
185
134
89
48
25
7
1
4
-8
-16
-32
-63
-95
-128
-138
-138
-138
-138
-138
-138
-138
-130
-18
41
96
142
193
224
235
229
208
169
126
91
45
23
11
-1
-3
-9
-20
-38
-72
-100
-131
-138
-138
-138
-138
-138
-138
-138
-71
0
51
108
158
198
226
231
223
198
168
109
68
39
13
9
3
-6
-11
-26
-45
-78
-112
-135
-138
-138
-138
-138
-138
-138
-137
-53
17
70
113
166
200
230
233
213
188
144
96
57
30
18
-1
-3
-11
-17
-29
-53
-83
-115
-136
-138
-138
-138
-138
-138
-138
-137
-47
28
72
126
174
209
230
228
211
184
141
92
56
29
13
2
-5
-8
-21
-31
-61
-90
-125
-137
-138
-138
-138
-138
-138
-138
-133
-25
35
90
142
179
216
223
222
204
167
128
82
45
28
14
2
-4
-7
-20
-37
-68
-97
-130
-138
-138
-138
-138
-138
-138
-137
-80
-10
43
94
145
195
216
229
224
199
170
120
77
42
21
8
-1
-3
-12
-24
-43
-75
-107
-134
-138
-138
-138
-138
-138
-137
-137
-59
17
67
117
160
201
224
228
216
192
152
100
66
34
16
9
0
-3
-13
-25
-49
-85
-118
-136
-138
-138
-138
-138
-138
-138
-136
-44
27
81
120
173
211
229
228
215
182
136
94
52
34
13
4
-1
-10
-17
-36
-68
-100
-129
-138
-138
-138
-138
-138
-137
-137
-98
-15
43
97
144
192
222
231
225
201
167
116
80
42
23
12
0
-3
-10
-20
-42
-77
-112
-135
-138
-138
-138
-137
-138
-137
-137
-54
23
67
117
171
208
227
235
219
192
154
99
63
38
25
4
0
-3
-10
-28
-56
-88
-125
-138
-138
-138
-138
-138
-138
-137
-134
-28
37
93
135
190
218
230
229
212
176
130
86
47
26
12
-1
-2
-8
-20
-36
-72
-99
-132
-138
-138
-138
-138
-138
-138
-137
-71
1
53
109
156
199
229
237
226
200
162
111
70
41
19
6
-1
0
-10
-26
-48
-85
-120
-137
-138
-138
-138
-138
-137
-138
-137
-42
31
82
131
182
216
233
232
218
183
140
95
52
26
13
3
-1
-8
-18
-30
-66
-95
-130
-138
-138
-138
-138
-137
-137
-138
-111
-7
47
107
153
196
233
242
228
203
168
118
77
41
24
8
0
-5
-4
-23
-41
-75
-108
-134
-138
-138
-138
-138
-138
-137
-137
-56
16
63
119
174
207
229
240
222
194
154
106
65
37
19
5
3
-5
-12
-24
-52
-82
-120
-137
-138
-138
-138
-138
-138
-138
-136
-38
29
87
129
183
215
233
232
211
180
135
98
53
];
